0,509
13,28
13,128
13,27
13,52
13,23
13,65
13,21
13,75
13,19
13,56
13,18
13,71
13,15
13,14
13,16
13,10
16,6
16,1
16,8
13,8
16,2
13,7
16,5
13,6
13,5
13,2
13,1
8,7
8,6
8,5
8,2
8,1
6,6
6,5
6,2
6,1
5,6
5,5
5,2
5,1
0,692
0,691
0,690
0,689
0,688
0,687
0,686
0,685
0,684
0,683
0,682
0,681
0,680
0,679
0,678
0,677
0,676
0,675
0,674
0,673
0,672
0,671
0,670
2,2
0,669
0,668
2,1
0,667
0,666
2,5
0,665
0,664
0,663
0,662
0,661
0,660
0,659
0,658
0,657
0,656
0,655
0,654
0,653
0,652
0,651
0,650
0,649
0,648
0,647
0,646
0,645
0,644
0,643
0,642
0,641
0,640
0,639
0,638
0,637
0,636
0,635
0,634
0,633
0,632
0,631
0,630
0,629
0,628
0,627
0,626
0,625
0,624
0,623
0,622
0,621
0,620
0,619
0,618
0,617
0,616
0,615
0,614
0,613
0,612
0,611
0,610
0,609
0,608
0,607
0,606
0,605
0,604
0,603
0,602
0,601
0,600
0,599
0,598
0,510
0,508
0,340
0,308
0,305
0,311
0,310
0,0
0,307
0,306
0,13
0,339
0,11
0,9
125,34
125,33
125,32
125,31
125,30
125,29
125,28
125,27
125,26
125,25
125,24
125,23
125,22
125,21
125,20
125,19
125,18
125,17
125,16
125,15
125,14
125,13
125,12
125,11
125,10
125,9
125,8
125,7
125,6
125,5
125,4
125,3
